4 119
11 119
20 119
25 119
34 119
41 119
48 119
55 119
60 119
67 119
72 119
79 119
86 119
95 119
100 119
107 119
114 119
123 119
128 119
135 119
140 119
147 119
152 146
159 146
166 146
173 146
180 146
189 146
198 146
205 146
210 146
217 146
226 146
233 146
240 146
245 146
250 146
259 146
264 146
271 146
278 146
287 146
292 146
299 146
304 146
311 146
318 146
325 146
332 146
341 146
350 146
357 146
366 146
371 146
376 146
385 146
390 146
399 146
406 146
415 146
422 146
427 146
434 146
439 146
448 146
453 146
462 146
467 146
474 146
483 146
488 146
495 146
502 146
509 146
516 146
523 146
530 146
537 146
542 146
549 146
556 146
563 146
570 146
577 146
586 146
591 146
598 146
607 146
614 146
621 146
628 146
637 146
642 146
647 146
656 146
661 146
670 146
679 146
684 146
691 146
698 146
705 146
714 146
721 146
726 146
733 146
740 146
749 146
756 146
761 146
770 146
777 146
784 146
793 146
800 146
807 146
814 146
819 146
826 146
835 146
842 146
847 146
854 146
863 146
870 146
877 146
882 146
889 146
898 146
905 146
910 146
915 146
924 146
929 146
936 146
943 146
952 146
961 146
970 146
979 146
984 146
993 146
998 146
1007 146
1012 146
1017 146
1022 146
1029 146
1038 146
1045 146
1052 146
1059 146
1064 146
1069 146
1078 146
1085 146
1092 146
1099 146
1106 146
1111 146
1118 146
1127 146
1136 146
1141 146
1150 146
1159 146
1166 146
1173 146
1182 146
1187 146
1194 146
1199 146
1204 146
1209 146
1216 146
1223 146
1232 146
1239 146
1246 146
1253 146
1260 146
1267 146
1276 146
1283 146
1292 146
1297 146
1306 146
1315 146
1320 150
