4 1581
13 1581
18 1581
25 1581
32 1581
39 1581
46 1581
53 1581
62 1581
67 1581
74 1581
81 1581
90 1581
99 1581
104 1581
113 1581
118 1621
127 1621
134 1621
141 1621
148 1621
157 1621
164 1621
169 1621
178 1621
185 1621
190 1621
197 1621
206 1621
211 1621
218 1621
227 1621
232 1674
241 1674
248 1674
255 1674
262 1674
269 1674
278 1674
287 1674
296 1674
301 1674
306 1674
313 1674
320 1674
329 1674
334 1674
341 1674
348 1674
355 1674
362 1674
369 1674
376 1674
383 1674
390 1674
397 1674
404 1674
411 1674
420 1674
427 1674
432 1674
439 1674
448 1674
455 1674
462 1674
469 1674
474 1674
483 1674
490 1674
497 1674
502 1674
509 1674
514 1674
523 1674
528 1674
535 1674
540 1692
549 1692
556 1692
563 1692
570 1692
577 1692
582 1692
591 1692
598 1692
607 1692
614 1692
619 1692
628 1692
633 1692
640 1692
647 1692
652 1692
659 1692
668 1692
673 1692
680 1692
687 1692
694 1692
703 1692
708 1692
717 1692
724 1692
731 1692
740 1692
747 1692
752 1692
761 1692
766 1692
775 1692
782 1692
791 1692
798 1692
805 1692
812 1692
817 1692
824 1692
833 1692
838 1692
843 1721
850 1721
859 1721
866 1721
873 1721
878 1721
885 1721
892 1721
897 1721
902 1721
909 1721
916 1721
925 1721
930 1721
939 1721
946 1721
953 1721
960 1721
969 1721
974 1721
983 1721
992 1721
997 1721
1006 1721
1011 1721
1018 1721
1025 1721
1034 1721
1041 1721
1048 1721
1057 1721
1064 1721
1069 1721
1076 1721
1081 1735
