4 152
9 179
14 208
23 208
30 208
35 208
42 208
49 208
58 208
65 208
72 208
79 208
86 208
95 208
102 208
109 208
114 208
119 269
126 269
133 269
140 269
147 269
156 269
161 269
168 269
175 269
184 269
189 269
196 269
203 269
208 269
215 269
222 269
229 269
236 269
243 269
250 269
257 269
262 269
271 269
278 269
283 269
290 269
299 269
306 269
311 269
320 269
327 269
334 269
341 269
350 269
357 269
362 269
369 269
376 269
381 269
386 269
391 276
398 276
407 276
414 276
421 276
430 276
435 276
442 276
449 276
456 276
463 276
468 276
475 276
482 276
491 276
498 276
507 276
512 276
517 276
524 276
529 276
536 276
543 276
552 276
559 276
566 276
573 276
580 276
587 276
596 276
601 276
606 276
613 276
618 276
625 276
632 276
639 276
646 276
653 276
660 276
667 276
674 276
681 276
690 276
695 276
704 276
711 276
718 276
723 276
730 276
737 276
744 276
751 276
760 276
769 276
776 276
781 276
788 276
797 276
802 277
809 277
818 277
827 277
834 277
839 277
844 277
851 277
860 277
867 277
872 277
881 277
888 277
893 277
900 277
905 277
912 277
919 277
926 277
931 277
936 277
945 277
950 277
957 277
964 277
973 277
980 277
985 277
992 277
1001 277
1006 277
1013 277
1020 277
1027 277
1034 277
1039 277
1046 277
1053 277
1060 277
1067 277
1074 277
1081 277
1088 277
1095 277
1102 277
1109 277
1114 277
1121 277
1130 277
1137 277
1144 277
1149 277
1156 277
1165 277
1172 277
1179 277
1186 277
1193 277
1202 277
1207 277
1214 277
1221 277
1230 277
1235 277
1244 277
1251 277
1256 277
1265 277
1272 277
1281 277
1288 277
1295 277
1300 277
1307 277
1316 277
1323 277
1332 277
1337 277
1344 277
1351 277
1358 277
1365 277
1374 277
1379 277
1384 277
1391 277
1398 277
1405 277
1414 277
1419 277
1424 277
1431 277
1438 277
1447 277
1454 277
1459 277
1464 277
1471 277
1478 277
1485 277
1490 277
1497 277
1504 277
1513 277
1522 277
1527 277
1534 277
1541 277
1548 277
1555 277
1564 277
1571 277
1576 277
1583 277
1588 277
1595 277
1602 277
1609 277
1616 277
1621 277
1628 277
1637 277
1642 277
1649 277
1656 277
1661 277
1668 277
1675 277
1682 277
1689 277
1696 277
1705 277
1710 277
1715 277
1724 277
1731 277
1738 277
1745 277
1752 277
1759 277
1768 277
1773 277
1780 277
1789 277
1794 277
1801 277
1806 277
1813 277
1820 277
1829 277
1836 277
1845 277
1850 277
1855 277
1862 277
1867 309
