6 0
11 84
18 84
23 141
30 141
37 141
44 141
51 141
60 141
69 141
78 141
83 263
92 263
97 263
104 263
111 263
120 263
127 263
134 263
139 263
144 263
151 263
158 263
165 263
172 263
177 263
184 263
193 263
198 263
205 263
212 263
219 263
228 263
235 263
242 263
249 263
256 263
265 263
270 263
279 263
284 263
293 263
300 263
307 263
312 263
321 263
328 263
333 263
340 263
349 263
358 263
363 269
372 269
379 269
386 269
395 269
402 269
411 269
416 269
423 269
428 269
435 269
442 269
449 269
456 269
463 269
468 269
475 269
482 269
491 269
500 269
507 269
512 269
519 269
528 269
537 269
544 269
549 269
556 269
563 269
570 269
577 269
584 269
591 269
598 269
605 269
614 269
621 269
626 269
631 269
640 269
647 269
654 269
661 269
668 269
675 269
684 269
691 269
698 269
705 269
710 269
717 269
724 269
731 269
738 269
745 269
752 269
757 269
766 269
773 269
782 269
791 269
798 269
803 269
808 269
815 269
824 269
833 269
840 269
847 269
854 269
861 269
866 269
875 269
882 269
891 269
898 269
905 269
910 269
915 269
922 269
929 269
936 269
945 269
952 269
961 269
968 269
973 269
978 269
985 269
992 269
1001 269
1010 269
1017 269
1024 269
1031 269
1038 269
1043 269
1050 269
1059 269
1066 269
1075 269
1082 269
1089 269
1094 269
1101 269
1108 269
1115 269
1122 269
1129 269
1138 269
1145 269
1152 269
1159 269
1164 269
1169 269
1178 269
1185 269
1190 269
1197 269
1204 269
1213 269
1218 269
1225 269
1234 269
1241 269
1248 269
1255 269
1264 269
1271 269
1276 269
1281 269
1288 269
1295 269
1302 269
1309 269
1316 269
1325 269
1332 269
1337 269
1344 269
1351 269
1360 269
1365 269
1374 269
1379 269
1386 269
1393 269
1400 269
1409 269
1414 269
1421 269
1428 269
1435 269
1442 269
1451 269
1456 269
1465 269
1474 269
1479 269
1486 269
1493 269
1500 269
1507 269
1512 269
1519 269
1526 269
1533 269
1540 269
1549 269
1556 269
1563 269
1570 269
1577 269
1586 269
1593 269
1600 269
1605 269
1614 269
1619 269
1626 269
1631 269
1640 269
1647 269
1654 269
1661 269
1668 269
1675 269
1682 269
1687 269
1694 269
1701 269
1708 269
1715 269
1722 269
1729 269
1736 269
1743 269
1750 269
1757 269
1764 269
1773 269
1780 269
1787 269
1794 269
1803 269
1810 269
1817 269
1824 269
1831 269
1838 269
1845 269
1852 269
1861 269
1868 269
1875 269
1884 269
1889 269
1898 269
1905 269
1910 269
1917 269
1924 269
1931 269
1938 269
1945 269
1952 269
1959 269
1966 269
1973 269
1980 269
1987 269
1994 269
2001 269
2010 269
2017 269
2022 269
2027 269
2034 269
2041 269
2048 269
2053 269
2060 269
2069 269
2076 269
2083 269
2090 269
2099 269
2104 269
2111 269
2118 269
2125 269
2134 269
2141 269
2148 269
2155 269
2162 269
2169 269
2178 269
2183 269
2192 269
2201 269
2208 269
2215 269
2224 269
2231 269
2238 269
2243 269
2252 269
2261 269
2268 269
2275 269
2280 269
2287 269
2294 269
2301 269
2308 269
2315 269
2322 269
2329 269
2336 269
2343 269
2350 269
2357 269
2364 269
2371 269
2376 269
2383 269
2390 269
2397 269
2404 269
2413 269
2418 269
2425 269
2434 269
2443 269
2448 269
2455 269
2462 269
2469 269
2476 269
2483 269
2490 269
2497 269
2506 269
2513 269
2518 269
2525 269
2534 269
2541 269
2546 269
2553 269
2560 269
2567 269
2574 269
2581 269
2588 269
2595 269
2604 269
2611 269
2616 269
2625 269
2634 269
2641 269
2648 269
2655 269
2660 269
2667 269
2676 269
2683 269
2692 269
2701 269
2706 269
2711 269
2716 269
2723 269
2730 269
2737 269
2744 269
2751 269
2758 269
2763 269
2770 269
2777 269
2784 269
2791 269
2798 269
2805 269
2812 269
2819 269
2826 269
2833 269
2842 269
2849 269
2856 269
2863 269
2870 269
2877 269
2884 269
2891 269
2896 269
2903 269
2910 269
2919 269
2926 269
2933 269
2938 269
2943 269
2950 269
2957 269
2964 269
2971 269
2978 269
2985 269
2992 269
2999 269
3006 269
3013 269
3020 269
3027 269
3034 269
3043 269
3050 269
3057 269
3064 269
3071 269
3078 269
3085 269
3092 269
3099 269
3106 269
3113 269
3118 269
3125 269
3134 269
3141 269
3146 269
3155 269
3162 269
3169 269
3174 276
3183 276
3190 276
3197 276
3204 276
3211 276
3220 276
3225 276
3232 276
3241 276
3246 276
3253 276
3262 276
3269 276
3278 276
3285 276
3292 276
3297 276
3304 276
3311 276
3318 276
3325 276
3332 276
3339 276
3344 276
3351 276
3358 276
3367 276
3374 276
3381 276
3388 276
3397 276
3404 276
3411 276
3418 276
3425 276
3432 276
3439 276
3446 276
3451 276
3458 276
3465 276
3472 276
3479 276
3488 276
3497 276
3504 276
3511 276
3518 276
3525 276
3530 276
3537 276
3544 276
3551 276
3558 276
3565 276
3574 276
3579 276
3586 276
3595 276
3600 276
3609 276
3616 276
3623 276
3632 276
3637 276
3644 276
3649 276
3654 276
3661 276
3668 276
3675 276
3684 276
3691 276
3696 276
3703 276
3710 276
3715 276
3720 276
3727 276
3734 276
3741 276
3748 276
3755 276
3762 276
3769 276
3776 276
3783 276
3790 276
3797 276
3804 276
3811 276
3818 276
3823 284
3830 284
3837 284
3844 284
3851 284
3858 284
3865 284
3872 284
3879 284
3886 284
3893 284
3900 284
3907 284
3916 284
3923 284
3930 284
3935 284
3944 284
3951 284
3960 284
3965 284
3974 284
3981 284
3988 284
3995 284
4000 284
4007 284
4014 284
4021 284
4028 284
4035 284
4040 284
4047 284
4054 284
4061 284
4070 284
4077 284
4086 284
4093 284
4100 284
4107 284
4112 284
4119 284
4126 284
4133 284
4140 284
4149 284
4156 284
4163 284
4170 284
4177 284
4184 284
4191 284
4198 284
4205 284
4210 284
4219 284
4226 284
4231 284
4238 284
4243 284
4250 284
4257 284
4266 284
4271 284
4278 284
4287 284
4292 284
4299 284
4308 284
4317 284
4322 284
4327 284
4334 284
4343 284
4350 284
4357 284
4366 284
4373 284
4380 284
4387 284
4392 284
4399 284
4406 284
4413 284
4422 284
4429 284
4434 284
4439 284
4448 284
4457 284
4464 284
4471 284
4478 284
4483 284
4490 284
4497 284
4504 284
4513 284
4520 284
4529 284
4536 284
4543 284
4552 284
4559 284
4564 284
4571 284
4578 284
4585 284
4592 284
4599 284
4606 284
4613 284
4620 284
4627 284
4634 284
4641 284
4648 284
4655 284
4662 284
4669 284
4676 284
4683 284
4690 284
4697 284
4704 284
4713 284
4720 284
4727 284
4732 284
4737 284
4746 284
4753 284
4760 284
4767 284
4774 284
4783 284
4790 284
4797 284
4802 284
4809 284
4816 284
4823 284
4828 284
4835 284
4842 284
4849 284
4858 284
4867 284
4876 284
4883 284
4888 309
