4 1057
11 1057
16 1653
25 1653
30 1653
35 1653
42 1653
49 1653
54 1653
63 1653
70 1653
75 1653
82 1653
87 1653
94 1653
103 1653
110 1653
115 1653
122 1653
129 1653
136 1653
143 1653
152 1653
159 1653
164 1653
171 1653
178 1653
187 1653
196 1653
201 1653
208 1653
215 1653
224 1653
233 1653
240 1653
245 1653
252 1653
261 1653
266 1653
273 1653
280 1653
287 1653
294 1653
303 1653
310 1653
315 1674
324 1674
331 1674
338 1674
343 1674
350 1674
359 1674
368 1674
373 1674
382 1674
389 1674
394 1674
403 1674
412 1674
417 1674
422 1674
429 1674
438 1674
443 1674
450 1674
459 1674
466 1674
475 1674
480 1674
487 1674
496 1674
503 1674
510 1674
517 1674
522 1674
531 1674
538 1674
543 1692
550 1692
557 1692
566 1692
573 1692
580 1692
585 1692
592 1692
601 1692
606 1692
613 1692
618 1692
627 1692
636 1692
641 1692
646 1692
653 1692
662 1692
669 1692
678 1692
687 1692
692 1692
701 1692
706 1692
711 1692
720 1692
725 1692
734 1692
739 1692
748 1692
755 1692
760 1692
767 1692
772 1721
779 1721
788 1721
795 1721
802 1721
811 1721
818 1721
827 1721
836 1721
843 1721
848 1721
857 1721
862 1721
871 1721
878 1721
885 1721
890 1721
897 1721
902 1721
911 1721
916 1721
923 1721
928 1721
935 1721
940 1721
947 1721
954 1721
961 1721
968 1721
975 1721
984 1721
993 1721
1000 1721
1007 1721
1014 1721
1019 1721
1026 1721
1031 1721
1040 1721
1047 1721
1054 1721
1059 1721
1066 1721
1073 1721
1082 1721
1087 1721
1096 1721
1101 1721
1106 1721
1113 1721
1122 1721
1129 1721
1136 1721
1143 1721
1150 1721
1159 1721
1166 1721
1175 1721
1182 1721
1189 1721
1196 1721
1201 1735
