4 1059
11 1059
16 1605
25 1605
32 1605
39 1605
46 1605
53 1605
58 1605
65 1605
72 1605
81 1605
86 1605
93 1605
98 1668
105 1668
112 1668
121 1668
130 1668
135 1668
140 1706
149 1706
154 1706
163 1706
168 1706
177 1706
182 1721
191 1721
196 1721
205 1721
210 1721
217 1721
224 1721
233 1721
242 1721
251 1721
260 1721
267 1721
272 1721
279 1721
288 1721
295 1721
300 1721
309 1721
314 1721
321 1721
328 1721
335 1721
340 1721
349 1721
358 1721
365 1721
372 1721
379 1721
388 1721
393 1721
398 1721
403 1721
410 1721
419 1721
424 1721
431 1721
438 1721
447 1721
452 1721
459 1721
466 1721
473 1721
482 1721
491 1721
496 1721
503 1721
510 1721
515 1721
522 1721
527 1721
534 1721
543 1721
550 1721
559 1721
564 1721
569 1721
574 1721
579 1721
588 1721
595 1721
600 1721
605 1721
610 1721
617 1721
624 1721
631 1721
638 1721
647 1721
654 1721
663 1721
670 1721
677 1721
684 1721
691 1721
696 1721
703 1721
712 1721
719 1721
728 1721
735 1721
742 1721
747 1721
756 1721
765 1721
774 1721
781 1721
786 1721
791 1721
800 1721
805 1721
810 1721
819 1721
828 1721
835 1721
840 1721
847 1721
852 1735
