4 103
11 103
18 103
25 103
32 103
39 103
46 103
53 103
60 103
67 103
72 170
79 170
86 170
93 170
100 170
107 170
114 170
119 219
126 219
135 219
144 219
151 219
158 219
163 224
170 224
177 224
184 224
191 224
200 224
205 224
210 224
219 224
226 224
233 224
240 224
247 224
254 224
259 224
266 224
273 224
278 224
287 224
292 224
297 269
304 269
311 269
318 269
325 269
332 269
341 269
348 269
355 269
362 269
371 269
378 269
387 269
394 269
399 269
408 269
415 269
424 269
429 269
436 269
443 269
448 269
457 269
466 269
473 269
478 269
483 269
488 269
497 269
504 269
513 269
522 269
531 269
540 269
549 269
558 269
567 269
572 269
579 269
586 269
593 269
600 269
605 269
610 269
617 269
624 269
633 269
638 269
643 269
650 269
657 269
664 269
671 269
678 269
685 269
690 269
697 269
704 269
709 269
716 269
721 269
728 269
735 269
742 269
749 269
756 269
763 269
772 269
777 269
784 269
791 269
798 269
805 269
812 269
817 269
824 269
831 269
838 269
845 269
852 269
859 269
868 269
877 269
884 269
891 269
896 269
903 269
910 269
917 269
922 269
929 269
936 269
941 269
950 269
955 269
960 277
967 277
974 277
981 277
990 277
997 277
1006 277
1015 277
1020 277
1027 277
1034 277
1041 277
1048 277
1057 277
1066 277
1075 277
1080 277
1087 277
1094 277
1101 277
1108 277
1117 277
1124 277
1133 277
1142 277
1149 277
1156 277
1163 277
1170 277
1177 277
1182 277
1187 277
1196 277
1203 277
1210 277
1215 277
1222 277
1229 277
1236 277
1245 277
1250 277
1259 277
1266 277
1273 277
1280 277
1287 277
1292 277
1301 277
1310 277
1317 277
1326 277
1331 277
1338 277
1347 277
1354 277
1361 277
1368 277
1375 277
1382 277
1391 277
1396 277
1401 277
1408 277
1417 277
1424 277
1429 277
1436 277
1443 277
1450 277
1455 277
1462 277
1469 277
1476 277
1485 277
1490 277
1497 277
1504 277
1509 277
1516 277
1523 277
1528 277
1533 277
1540 277
1547 277
1556 277
1563 277
1568 277
1575 277
1582 277
1589 277
1598 277
1605 277
1612 277
1619 277
1626 277
1633 277
1638 277
1645 277
1654 277
1661 277
1668 277
1675 277
1682 277
1687 277
1694 277
1701 277
1708 277
1715 277
1724 277
1731 277
1736 277
1745 277
1752 277
1759 277
1766 277
1773 277
1780 277
1785 277
1792 277
1797 277
1806 277
1813 277
1820 277
1827 277
1836 277
1843 277
1852 277
1857 277
1864 277
1871 277
1878 277
1883 277
1892 277
1899 277
1906 277
1911 277
1918 277
1925 277
1932 277
1937 277
1944 277
1949 277
1958 277
1965 277
1974 277
1981 277
1988 277
1995 277
2000 277
2007 277
2014 277
2019 277
2026 277
2031 277
2040 277
2049 277
2054 277
2059 277
2064 277
2071 277
2080 277
2087 277
2094 277
2099 277
2104 277
2111 277
2118 277
2123 277
2132 277
2141 277
2148 277
2153 277
2160 277
2165 277
2174 277
2181 277
2188 277
2195 277
2204 277
2213 277
2220 277
2227 277
2234 277
2241 277
2248 277
2255 277
2262 277
2269 277
2276 277
2283 277
2292 277
2299 277
2306 277
2311 277
2318 277
2323 277
2330 277
2337 277
2344 277
2351 277
2358 277
2365 277
2370 277
2377 277
2384 277
2391 277
2396 277
2405 277
2410 277
2417 277
2424 277
2431 277
2438 277
2447 277
2452 277
2461 277
2470 277
2477 277
2482 277
2491 277
2498 277
2503 277
2512 277
2517 277
2524 277
2531 277
2536 277
2545 277
2552 277
2559 277
2568 277
2573 277
2578 277
2585 277
2592 277
2599 277
2608 277
2615 277
2624 277
2633 277
2638 277
2645 277
2652 277
2659 277
2668 277
2675 277
2682 277
2689 277
2696 277
2703 277
2710 277
2717 277
2724 277
2733 277
2738 277
2745 277
2752 277
2759 277
2768 277
2775 277
2782 277
2789 277
2796 277
2805 277
2812 277
2817 277
2822 277
2829 277
2838 277
2847 277
2856 277
2863 277
2870 277
2877 277
2882 277
2889 277
2896 277
2903 277
2910 277
2917 277
2924 277
2933 277
2938 277
2947 277
2954 277
2959 277
2966 277
2971 277
2980 277
2985 277
2994 277
3001 277
3008 277
3015 277
3024 277
3029 277
3036 277
3043 277
3050 277
3057 277
3064 277
3071 277
3080 277
3087 277
3094 277
3099 277
3106 277
3113 277
3120 277
3127 277
3134 277
3139 277
3146 277
3153 277
3160 277
3169 277
3176 277
3183 277
3188 277
3197 277
3206 277
3211 277
3218 277
3225 277
3232 277
3239 277
3246 277
3253 277
3262 277
3271 277
3280 277
3285 277
3294 277
3301 277
3308 277
3317 277
3322 277
3329 277
3338 277
3345 277
3352 277
3357 277
3364 277
3371 277
3380 277
3387 277
3394 277
3401 277
3408 277
3413 277
3420 277
3427 277
3432 277
3439 277
3446 277
3453 277
3460 277
3467 277
3476 277
3483 277
3490 277
3495 277
3502 277
3509 277
3516 277
3521 277
3528 277
3535 277
3542 277
3549 277
3556 277
3563 277
3568 277
3575 277
3582 277
3589 277
3596 277
3603 277
3610 277
3617 277
3624 277
3631 277
3638 277
3647 277
3652 277
3659 277
3666 277
3673 277
3680 277
3687 277
3696 277
3703 277
3710 277
3719 277
3724 277
3731 277
3738 277
3747 277
3752 277
3759 277
3766 277
3773 277
3782 277
3789 277
3798 277
3803 277
3812 277
3819 277
3824 277
3831 277
3838 277
3845 277
3852 277
3861 277
3868 277
3875 277
3880 277
3887 277
3894 277
3901 277
3908 277
3915 277
3924 277
3931 277
3938 277
3945 277
3952 277
3959 277
3968 277
3977 277
3984 277
3991 277
3996 277
4003 277
4010 277
4017 277
4024 277
4033 277
4040 277
4047 277
4054 277
4063 277
4068 277
4077 277
4084 277
4091 277
4100 277
4109 277
4116 277
4121 277
4128 277
4135 277
4140 277
4147 277
4154 277
4161 277
4168 277
4175 277
4180 277
4189 277
4196 277
4201 277
4206 277
4213 277
4222 277
4227 277
4234 277
4241 277
4250 277
4255 277
4262 277
4271 277
4278 277
4287 277
4292 277
4301 277
4308 277
4317 277
4324 277
4333 277
4340 277
4347 277
4354 277
4361 277
4366 277
4373 277
4380 277
4387 277
4394 277
4401 277
4410 277
4417 277
4426 277
4433 277
4438 277
4445 277
4454 277
4461 277
4466 277
4475 277
4484 277
4493 277
4500 277
4507 277
4514 277
4519 277
4526 277
4533 277
4540 277
4549 277
4556 277
4563 277
4568 277
4575 277
4580 277
4589 277
4596 277
4601 277
4608 277
4615 277
4622 277
4629 277
4638 277
4643 277
4650 277
4657 277
4664 277
4673 277
4680 277
4687 277
4694 277
4703 277
4708 277
4715 277
4722 277
4731 277
4736 277
4745 277
4754 277
4761 277
4766 277
4773 277
4778 277
4785 277
4792 277
4799 277
4806 277
4811 277
4818 277
4825 277
4832 277
4837 277
4844 277
4849 277
4858 277
4865 277
4874 277
4881 277
4888 277
4895 277
4904 277
4909 277
4916 277
4923 277
4930 277
4937 277
4944 277
4949 277
4956 277
4963 277
4970 277
4975 277
4982 277
4989 277
4996 277
5003 277
5010 277
5017 277
5024 277
5031 277
5038 277
5047 277
5056 277
5061 277
5068 277
5075 277
5080 309
