4 87
11 87
16 116
21 184
28 184
37 184
44 184
51 184
58 184
65 184
70 184
77 184
86 184
93 184
100 184
107 184
114 184
121 184
130 184
135 201
144 201
151 201
158 201
165 201
172 201
179 201
186 201
193 201
200 201
205 201
210 244
217 244
224 244
233 244
240 244
247 244
254 244
263 244
270 244
279 244
284 252
291 252
298 252
305 252
314 252
321 252
328 252
335 252
342 252
351 252
358 252
365 252
372 252
379 252
384 252
391 252
400 252
407 252
414 252
421 252
430 252
437 252
442 252
451 252
460 252
465 252
472 252
479 252
486 252
493 252
498 252
507 252
514 252
519 252
526 252
533 252
540 252
549 252
556 252
565 252
572 252
577 252
586 252
591 252
598 252
605 252
612 252
619 252
626 252
633 252
640 252
647 252
654 252
661 252
668 252
675 252
682 252
691 252
698 252
705 252
710 252
717 252
724 252
731 252
738 252
745 252
752 252
759 252
766 252
773 252
780 252
789 252
798 252
803 252
810 252
815 252
822 252
829 252
836 252
845 252
852 252
859 252
866 252
873 252
878 260
885 260
892 260
899 260
906 260
913 260
922 260
929 260
938 260
945 260
952 260
957 260
964 260
971 260
978 260
985 260
992 260
997 260
1004 260
1011 260
1020 260
1029 260
1036 260
1041 260
1048 260
1055 260
1064 260
1071 260
1080 260
1085 260
1092 260
1101 260
1110 260
1115 260
1122 260
1131 260
1138 260
1145 260
1150 260
1159 260
1166 260
1175 260
1180 260
1187 260
1196 260
1201 260
1208 260
1215 260
1222 260
1229 260
1236 260
1243 260
1250 260
1257 260
1264 260
1271 260
1278 260
1287 260
1296 260
1303 260
1308 260
1315 260
1322 260
1329 260
1334 260
1341 260
1348 260
1355 260
1362 260
1369 260
1376 260
1381 260
1388 260
1395 260
1402 260
1407 266
1414 266
1421 266
1430 266
1437 266
1444 266
1451 266
1460 266
1467 266
1476 266
1481 266
1486 266
1493 266
1502 266
1509 266
1516 266
1523 266
1532 266
1539 266
1548 266
1553 266
1560 266
1567 266
1576 266
1583 266
1590 266
1595 266
1602 266
1609 266
1616 266
1623 266
1630 266
1637 266
1646 266
1651 266
1660 266
1669 266
1674 266
1681 266
1688 266
1697 266
1706 266
1713 266
1720 266
1725 266
1732 266
1739 266
1746 266
1753 266
1762 266
1767 266
1776 266
1783 266
1790 266
1795 277
1804 277
1811 277
1818 277
1825 277
1832 277
1837 277
1842 277
1849 277
1856 277
1863 277
1870 277
1877 277
1882 277
1887 309
