6 0
11 43
16 135
21 168
28 168
37 168
44 168
49 168
56 168
63 168
68 213
75 213
84 213
91 213
96 234
103 234
110 234
117 234
126 234
133 234
140 234
147 234
154 234
161 234
168 234
175 234
182 234
189 234
194 234
201 234
208 234
217 234
224 234
229 241
236 241
245 241
252 241
261 241
266 241
273 241
280 241
287 241
294 241
303 241
312 241
319 241
324 241
331 241
340 241
347 241
354 241
361 241
366 241
373 241
380 241
387 241
394 241
399 241
406 241
415 241
420 241
427 241
434 241
441 241
448 241
455 241
462 241
469 241
476 241
483 241
492 241
501 241
508 241
513 241
522 241
531 241
538 241
547 241
552 241
559 241
568 241
577 241
582 241
589 241
596 241
605 241
610 266
617 266
624 266
633 266
642 266
651 266
658 266
665 266
672 266
679 266
686 266
695 266
700 266
707 266
714 266
723 266
728 266
733 266
742 266
749 266
754 266
763 266
770 266
777 266
784 266
789 266
796 266
805 266
814 266
821 266
830 266
835 266
840 266
849 266
858 266
863 266
872 266
879 266
886 266
893 266
900 266
907 266
912 266
919 266
924 266
931 266
940 266
949 266
958 266
963 266
970 266
977 266
984 266
991 266
998 266
1005 266
1012 266
1019 266
1028 266
1035 266
1042 266
1047 266
1054 266
1061 266
1068 266
1075 266
1082 266
1089 266
1096 266
1105 266
1114 266
1121 266
1130 266
1135 309
