12 0
25 152
38 168
51 168
64 209
77 234
90 266
103 266
116 266
127 284
140 284
149 284
160 284
173 284
186 284
199 284
212 284
225 284
238 284
249 284
260 284
271 284
282 284
295 284
308 284
321 284
332 284
345 284
358 284
371 284
384 284
397 284
408 284
419 284
432 284
445 284
458 284
471 284
484 284
497 284
510 284
523 284
536 284
549 284
560 284
573 284
584 284
595 284
608 284
619 284
632 284
643 284
656 284
669 284
682 284
695 284
706 284
719 284
732 284
745 284
756 284
769 284
782 284
793 284
802 284
815 284
828 284
841 284
854 284
867 284
880 284
893 284
904 284
917 284
928 284
941 309
