12 117
25 209
36 209
47 209
60 209
73 239
84 239
97 239
110 239
123 239
134 239
147 239
160 239
173 239
186 239
199 239
212 260
223 260
236 260
249 260
262 260
275 260
288 260
301 260
312 260
325 260
336 260
349 260
362 260
373 260
386 260
397 260
410 260
421 260
434 260
443 260
456 260
469 260
480 260
493 260
506 260
519 260
532 260
545 260
558 260
571 276
584 276
597 276
610 276
623 276
634 276
645 276
656 276
667 276
680 276
689 276
702 276
715 276
728 276
741 276
750 276
763 276
776 276
789 276
802 276
815 276
828 276
841 276
854 276
867 276
878 276
891 276
904 276
915 276
928 276
941 276
952 276
963 276
974 276
987 276
996 276
1007 276
1018 276
1031 276
1040 276
1053 276
1064 276
1077 276
1090 276
1099 276
1108 276
1119 276
1132 277
1143 277
1154 277
1167 277
1178 277
1191 277
1202 277
1213 277
1226 277
1237 277
1250 277
1261 277
1274 277
1285 277
1298 277
1309 277
1320 277
1333 277
1344 277
1357 277
1368 277
1381 277
1394 277
1405 277
1416 277
1429 277
1442 277
1453 277
1464 277
1477 277
1490 277
1503 277
1512 277
1525 277
1534 277
1547 277
1560 277
1573 277
1584 277
1597 277
1610 277
1623 277
1636 277
1649 277
1660 277
1671 277
1682 277
1695 277
1708 277
1719 277
1730 284
1743 284
1754 284
1765 284
1776 284
1789 284
1800 284
1813 284
1826 284
1839 284
1852 284
1863 284
1874 284
1885 284
1898 284
1911 284
1920 284
1931 284
1940 309
