12 209
23 209
34 252
47 252
60 252
71 252
82 252
95 252
108 252
121 252
132 252
143 252
156 252
167 252
176 252
189 252
200 252
213 252
226 252
239 252
252 252
263 252
276 252
287 252
300 252
311 252
322 259
335 259
348 259
361 259
372 259
383 259
392 259
405 259
418 259
429 259
442 259
453 284
466 284
479 284
490 284
501 284
512 284
525 284
536 284
549 284
562 284
575 284
588 284
597 284
610 284
623 284
634 284
647 284
660 284
671 284
682 284
695 284
708 284
721 284
734 284
747 284
760 284
773 284
786 284
799 284
812 284
823 284
836 284
847 284
860 284
871 284
880 284
889 284
902 284
915 284
928 284
941 284
954 284
967 284
978 284
989 284
1000 284
1011 284
1022 284
1033 284
1046 284
1057 284
1070 284
1081 284
1094 284
1107 284
1120 284
1133 284
1146 284
1159 284
1170 284
1183 284
1194 284
1207 284
1220 284
1233 284
1246 284
1259 284
1272 284
1285 284
1298 284
1311 284
1320 284
1333 284
1346 284
1357 284
1368 284
1381 284
1394 284
1407 284
1420 284
1431 284
1442 284
1455 284
1468 284
1477 284
1486 284
1497 284
1508 284
1521 284
1534 284
1545 284
1556 284
1569 284
1580 284
1589 284
1602 284
1615 284
1628 284
1641 284
1654 284
1667 284
1678 284
1691 284
1702 284
1713 284
1726 284
1739 284
1752 284
1765 284
1778 284
1791 284
1804 284
1817 284
1828 284
1839 284
1852 284
1865 284
1878 284
1891 284
1902 284
1913 284
1926 284
1937 284
1948 284
1961 284
1974 284
1987 284
2000 284
2011 284
2020 284
2031 284
2042 284
2055 284
2068 284
2081 284
2092 284
2105 284
2116 284
2129 284
2142 284
2151 284
2162 284
2173 284
2186 284
2197 284
2210 284
2223 284
2234 284
2247 284
2258 284
2269 284
2282 284
2295 284
2308 284
2321 284
2334 284
2347 284
2358 284
2369 284
2382 284
2395 284
2406 284
2419 284
2430 284
2443 284
2454 284
2467 284
2480 284
2493 284
2506 284
2519 284
2530 284
2541 284
2554 284
2567 284
2580 284
2593 284
2606 284
2619 284
2630 284
2641 284
2654 284
2667 284
2678 284
2691 284
2704 284
2717 284
2728 284
2741 284
2754 284
2765 284
2774 284
2785 284
2798 284
2811 284
2824 284
2835 284
2848 284
2857 284
2868 284
2881 284
2894 284
2907 284
2920 284
2931 284
2944 284
2955 284
2968 284
2981 284
2994 284
3007 284
3020 284
3033 284
3046 284
3059 284
3070 284
3081 284
3094 284
3105 284
3118 284
3131 284
3144 284
3153 284
3164 284
3173 284
3186 284
3197 284
3208 284
3219 284
3230 284
3243 284
3256 284
3269 309
