10 1499
21 1499
34 1621
43 1674
56 1674
65 1674
76 1674
89 1674
100 1674
113 1674
124 1674
135 1674
148 1674
157 1674
168 1721
181 1721
194 1721
205 1721
216 1721
227 1721
240 1721
251 1721
264 1721
275 1721
284 1721
295 1721
308 1721
321 1721
332 1721
345 1721
358 1721
371 1721
384 1721
397 1721
410 1721
419 1721
430 1721
443 1721
456 1721
469 1721
482 1721
491 1721
502 1721
511 1721
522 1721
533 1721
546 1721
559 1721
570 1721
583 1721
596 1721
609 1721
620 1721
633 1721
646 1721
655 1721
668 1721
679 1721
690 1721
701 1721
710 1721
723 1721
734 1721
745 1721
758 1721
771 1721
782 1721
795 1721
808 1721
819 1721
832 1721
845 1721
858 1721
871 1721
880 1721
893 1721
906 1721
917 1721
928 1721
941 1721
954 1721
967 1721
978 1721
991 1721
998 1735
