12 124
21 124
34 173
47 265
58 265
67 265
78 265
91 265
104 265
117 265
130 265
141 265
154 265
167 265
178 265
191 265
202 265
215 265
228 265
239 265
252 265
265 265
278 265
289 265
298 265
311 265
324 266
337 276
350 276
363 276
376 276
389 276
402 276
415 276
428 276
441 276
452 276
465 276
478 276
491 276
504 276
517 276
530 276
543 276
556 276
569 276
580 276
593 276
606 276
615 276
628 276
639 276
652 276
663 276
674 276
685 276
698 276
711 276
724 276
735 276
748 276
761 276
774 276
785 276
794 276
807 276
818 276
831 276
844 276
857 276
870 276
883 276
896 276
909 276
920 276
933 276
946 276
959 276
970 277
981 277
992 277
1005 277
1018 277
1031 277
1042 277
1053 277
1064 277
1075 277
1086 277
1099 277
1112 277
1123 277
1136 277
1149 277
1162 277
1173 277
1184 284
1197 284
1210 284
1221 284
1234 284
1245 284
1256 284
1269 284
1282 284
1293 284
1306 284
1315 284
1328 284
1341 284
1354 284
1365 284
1378 309
