12 1546
23 1560
34 1560
45 1584
56 1584
65 1584
74 1584
85 1584
96 1584
105 1629
118 1629
129 1688
142 1688
155 1688
168 1688
179 1688
192 1721
205 1721
216 1721
229 1721
242 1721
255 1721
268 1721
275 1721
288 1721
301 1721
312 1721
323 1721
332 1721
343 1721
354 1721
363 1721
376 1721
389 1721
402 1721
415 1721
424 1721
437 1721
446 1721
459 1721
472 1721
485 1721
496 1721
505 1721
516 1721
527 1721
534 1721
547 1721
558 1721
567 1721
578 1721
591 1721
604 1721
615 1721
628 1721
639 1721
652 1721
665 1721
678 1721
691 1721
702 1721
713 1721
726 1721
739 1721
750 1721
761 1721
774 1721
787 1721
798 1721
811 1721
822 1721
833 1721
844 1721
855 1735
