12 184
23 184
34 184
47 269
60 269
71 269
84 269
95 269
106 269
117 269
130 269
143 269
156 269
169 270
182 270
195 270
208 270
221 270
234 270
247 270
260 270
273 270
286 270
299 270
312 270
325 270
336 270
349 270
360 270
371 270
384 270
397 277
410 277
423 277
436 277
449 277
462 277
475 277
488 277
501 277
514 277
527 277
540 277
551 277
562 277
575 277
588 277
597 277
610 277
623 277
634 277
647 277
660 277
673 277
684 277
695 277
708 277
719 277
728 277
741 277
754 277
767 277
780 277
789 277
802 277
813 277
824 277
833 277
846 277
859 277
870 277
883 277
896 277
909 277
922 277
933 277
944 277
957 277
970 277
983 277
996 277
1009 284
1022 284
1035 284
1044 284
1057 284
1070 284
1081 284
1090 284
1103 284
1116 284
1129 284
1140 284
1151 284
1164 284
1175 284
1186 284
1197 284
1210 284
1221 284
1230 284
1241 284
1254 284
1267 284
1280 284
1293 284
1304 284
1315 284
1328 284
1339 284
1352 284
1365 284
1378 284
1389 309
