12 239
25 239
36 239
47 239
58 239
69 239
82 239
95 239
106 239
119 239
130 239
143 239
156 239
167 251
180 251
191 251
202 251
215 251
228 251
239 251
250 252
263 252
276 277
289 277
302 277
313 277
324 277
335 277
348 277
359 277
370 277
383 277
394 277
403 277
414 277
427 277
440 277
453 277
466 277
479 277
490 277
503 277
516 277
529 277
542 277
553 277
566 277
577 277
588 277
599 277
612 277
623 277
634 277
647 277
658 277
669 277
682 277
695 277
708 277
721 277
734 277
745 277
754 277
767 277
780 277
791 277
804 277
817 277
828 277
841 277
852 277
863 277
874 277
887 277
900 277
913 277
924 277
937 277
950 277
963 277
976 277
989 277
1002 277
1015 277
1026 277
1039 277
1052 277
1065 277
1074 277
1085 277
1098 277
1111 277
1122 277
1133 277
1146 277
1155 277
1168 277
1179 277
1192 277
1205 277
1218 277
1231 277
1244 277
1257 277
1270 277
1281 277
1294 277
1307 277
1318 277
1329 277
1338 277
1351 277
1362 277
1375 277
1386 277
1399 277
1412 277
1421 277
1432 277
1445 277
1458 277
1469 277
1482 277
1495 277
1508 277
1517 277
1528 277
1541 277
1552 277
1565 277
1578 277
1585 277
1598 277
1611 277
1622 277
1635 277
1646 277
1657 277
1670 277
1681 277
1694 277
1707 277
1718 277
1731 277
1744 277
1757 277
1766 277
1779 277
1792 277
1805 277
1816 309
