24 0
49 0
74 0
99 0
124 0
149 0
174 0
199 0
224 0
249 0
274 0
299 0
324 0
349 0
374 0
399 0
424 0
449 0
474 0
499 0
524 0
549 0
574 0
599 0
624 0
649 0
674 0
699 0
724 0
749 0
774 0
799 0
824 0
849 0
874 0
899 0
924 0
949 0
974 0
999 0
1024 0
1049 0
1074 0
1099 0
1124 0
1149 0
1174 0
1199 0
1224 0
1249 0
1274 0
1299 0
1324 0
1349 0
1374 0
1399 0
1424 0
1449 0
1474 0
1499 0
1524 0
1549 0
1574 0
1599 0
1624 0
1649 0
1674 0
1699 0
1724 0
1749 0
1774 0
1799 0
1824 0
1849 0
1874 0
1899 0
1924 0
1949 0
1974 0
1999 0
2024 0
2049 0
2074 0
2099 0
2124 0
2149 0
2174 0
2199 0
2224 0
2249 0
2274 0
2299 0
2324 0
2349 0
2374 0
2399 0
2424 0
2449 0
2474 0
2499 0
2524 0
2549 0
2574 0
2599 0
2624 0
2649 0
2674 0
2699 0
2724 0
2749 0
2774 0
2799 0
2824 0
2849 0
2874 0
2899 0
2924 0
2949 0
2974 0
2999 0
3024 0
3049 0
3074 0
3099 0
3124 0
3149 0
3174 0
3199 0
3224 0
3249 0
3274 0
3299 0
3324 0
3349 0
3374 0
3399 0
3424 0
3449 0
3474 0
3499 0
3524 0
3549 0
3574 0
3599 0
3624 0
3649 0
3674 0
3699 0
3724 0
3749 0
3774 0
3799 0
3824 0
3849 0
3874 0
3899 0
3924 0
3949 0
3974 0
3999 0
4024 0
4049 0
4074 0
4099 0
4124 0
4149 0
4174 0
4199 0
4224 0
4249 0
4274 0
4299 0
4324 0
4349 0
4374 0
4399 0
4424 0
4449 0
4474 0
4499 0
4524 0
4549 0
4574 0
4599 0
4624 0
4649 0
4674 0
4699 0
4724 0
4749 0
4774 0
4799 0
4824 0
4849 0
4874 0
4899 0
4924 0
4949 0
4974 0
4999 0
5024 0
5049 0
5074 0
5099 0
5124 0
5149 0
5174 0
5199 0
5224 0
5249 0
5274 0
5299 0
5324 0
5349 0
5374 0
5399 0
5424 0
5449 0
5474 0
5499 0
5524 0
5549 0
5574 0
5599 0
5624 0
5649 0
5674 0
5699 0
5724 0
5749 0
5774 0
5799 0
5824 0
5849 0
5874 0
5899 0
5924 0
5949 0
5974 0
5999 0
6024 0
6049 0
6074 0
6099 0
6124 0
6149 0
6174 0
6199 0
6224 0
6249 0
6274 0
6299 0
6324 0
6349 0
6374 0
6399 0
6424 0
6449 0
6474 0
6499 0
6524 0
6549 0
6574 0
6599 0
6624 0
6649 0
6674 0
6699 0
6724 0
6749 0
6774 0
6799 0
6824 0
6849 0
6874 0
6899 0
6924 0
6949 0
6974 0
6999 0
7024 0
7049 0
7074 0
7099 0
7124 0
7149 0
7174 0
7199 0
7224 0
7249 0
7274 0
7299 0
7324 0
7349 0
7374 0
7399 0
7424 0
7449 0
7474 0
7499 0
7524 0
7549 0
7574 0
7599 0
7624 0
7649 0
7674 0
7699 0
7724 0
7749 0
7774 0
7799 0
7824 0
7849 0
7874 0
7899 0
7924 0
7949 0
7974 0
7999 0
8024 0
8049 0
8074 0
8099 0
8124 0
8149 0
8174 0
8199 0
8224 0
8249 0
8274 0
8299 0
8324 0
8349 0
8374 0
8399 0
8424 0
8449 0
8474 0
8499 0
8524 0
8549 0
8574 0
8599 0
8624 0
8649 0
8674 0
8699 0
8724 0
8749 222
8774 222
8799 222
8824 222
8849 222
8874 222
8899 222
8924 222
8949 222
8974 222
8999 222
9024 222
9049 222
9074 222
9099 222
9124 222
9149 222
9174 222
9199 222
9224 222
9249 222
9274 222
9299 222
9324 222
9349 222
9374 222
9399 222
9424 222
9449 222
9474 222
9499 222
9524 222
9549 222
9574 222
9599 222
9624 222
9649 222
9674 222
9699 222
9724 222
9749 222
9774 222
9799 222
9824 222
9849 222
9874 222
9899 222
9924 222
9949 222
9974 222
9999 222
10024 222
10049 222
10074 222
10099 222
10124 222
10149 222
10174 222
10199 222
10224 222
10249 222
10274 222
10299 222
10324 222
10349 222
10374 222
10399 222
10424 222
10449 222
10474 222
10499 222
10524 222
10549 222
10574 222
10599 222
10624 222
10649 222
10674 222
10699 222
10724 222
10749 222
10774 222
10799 222
10824 222
10849 222
10874 222
10899 222
10924 222
10949 222
10974 222
10999 222
11024 222
11049 222
11074 222
11099 222
11124 222
11149 222
11174 222
11199 222
11224 222
11249 222
11274 222
11299 222
11324 222
11349 222
11374 222
11399 222
11424 222
11449 222
11474 222
11499 222
11524 222
11549 222
11574 222
11599 222
11624 222
11649 222
11674 222
11699 222
11724 222
11749 222
11774 222
11799 222
11824 222
11849 222
11874 222
11899 222
11924 222
11949 222
11974 222
11999 222
12024 222
12049 222
12074 222
12099 222
12124 222
12149 222
12174 222
12199 222
12224 222
12249 222
12274 222
12299 222
12324 222
12349 222
12374 222
12399 222
12424 222
12449 222
12474 222
12499 222
12524 222
12549 222
12574 222
12599 222
12624 222
12649 222
12674 222
12699 222
12724 222
12749 222
12774 222
12799 222
12824 222
12849 222
12874 222
12899 222
12924 222
12949 222
12974 222
12999 222
13024 222
13049 222
13074 222
13099 222
13124 222
13149 222
13174 222
13199 222
13224 222
13249 222
13274 222
13299 222
13324 222
13349 222
13374 222
13399 222
13424 222
13449 222
13474 222
13499 222
13524 222
13549 222
13574 222
13599 222
13624 222
13649 222
13674 222
13699 222
13724 222
13749 222
13774 222
13799 222
13824 222
13849 222
13874 222
13899 222
13924 222
13949 222
13974 222
13999 222
14024 222
14049 222
14074 222
14099 222
14124 222
14149 222
14174 222
14199 222
14224 222
14249 222
14274 222
14299 222
14324 222
14349 222
14374 222
14399 222
14424 222
14449 222
14474 222
14499 222
14524 222
14549 222
14574 222
14599 222
14624 222
14649 222
14674 222
14699 222
14724 222
14749 222
14774 222
14799 222
14824 222
14849 222
14874 222
14899 222
14924 222
14949 222
14974 222
14999 222
15024 222
15049 222
15074 222
15099 222
15124 222
15149 222
15174 222
15199 222
15224 222
15249 222
15274 222
15299 222
15324 222
15349 222
15374 222
15399 222
15424 222
15449 222
15474 222
15499 222
15524 222
15549 222
15574 222
15599 222
15624 222
15649 222
15674 222
15699 222
15724 222
15749 222
15774 222
15799 222
15824 222
15849 222
15874 222
15899 222
15924 222
15949 222
15974 222
15999 222
16024 222
16049 222
16074 222
16099 222
16124 222
16149 222
16174 222
16199 222
16224 222
16249 222
16274 222
16299 222
16324 222
16349 222
16374 222
16399 222
16424 222
16449 222
16474 222
16499 222
16524 222
16549 222
16574 222
16599 222
16624 222
16649 222
16674 222
16699 222
16724 222
16749 222
16774 222
16799 222
16824 222
16849 222
16874 222
16899 222
16924 222
16949 222
16974 222
16999 222
17024 222
17049 222
17074 222
17099 222
17124 222
17149 222
17174 222
17199 222
17224 222
17249 222
17274 222
17299 222
17324 222
17349 222
17374 222
17399 222
17424 222
17449 222
17474 222
17499 222
17524 222
17549 222
17574 222
17599 222
17624 222
17649 222
17674 222
17699 222
17724 222
17749 222
17774 222
17799 222
17824 222
17849 222
17874 222
17899 222
17924 222
17949 222
17974 222
17999 222
18024 222
18049 222
18074 222
18099 222
18124 222
18149 222
18174 222
18199 222
18224 222
18249 222
18274 222
18299 222
18324 222
18349 222
18374 222
18399 222
18424 222
18449 222
18474 222
18499 222
18524 222
18549 222
18574 222
18599 222
18624 222
18649 222
18674 222
18699 222
18724 222
18749 222
18774 222
18799 222
18824 222
18849 222
18874 222
18899 222
18924 222
18949 222
18974 222
18999 222
19024 222
19049 222
19074 222
19099 222
19124 222
19149 222
19174 222
19199 222
19224 222
19249 222
19274 222
19299 222
19324 222
19349 222
19374 222
19399 222
19424 222
19449 222
19474 222
19499 222
19524 222
19549 222
19574 222
19599 222
19624 222
19649 222
19674 222
19699 222
19724 222
19749 222
19774 222
19799 222
19824 222
19849 222
19874 222
19899 222
19924 222
19949 222
19974 222
19999 222
