57 1674
106 1674
157 1674
207 1721
256 1721
305 1721
354 1721
403 1721
458 1721
507 1721
562 1721
611 1721
660 1721
709 1721
764 1721
813 1721
868 1721
923 1721
972 1721
1021 1721
1076 1721
1131 1721
1186 1721
1235 1721
1284 1721
1339 1721
1394 1721
1443 1721
1498 1721
1547 1721
1602 1721
1651 1721
1700 1721
1749 1721
1804 1721
1859 1721
1910 1721
1965 1721
2020 1721
2069 1721
2118 1721
2173 1721
2222 1721
2271 1721
2320 1721
2369 1721
2424 1721
2473 1721
2522 1721
2577 1721
2626 1721
2681 1721
2730 1721
2786 1735
