24 0
49 0
74 0
99 0
124 0
149 0
174 0
199 0
224 0
249 0
274 0
299 0
324 0
349 0
374 0
399 0
424 0
449 0
474 0
499 0
524 0
549 0
574 0
599 0
624 0
649 0
674 0
699 0
724 0
749 0
774 0
799 0
824 0
849 0
874 0
899 0
924 0
949 0
974 0
999 0
1024 0
1049 0
1074 0
1099 0
1124 0
1149 0
1174 0
1199 0
1224 0
1249 0
1274 0
1299 0
1324 0
1349 0
1374 0
1399 0
1424 0
1449 0
1474 0
1499 0
1524 0
1549 0
1574 0
1599 0
1624 0
1649 0
1674 0
1699 0
1724 0
1749 0
1774 0
1799 0
1824 0
1849 0
1874 0
1899 0
1924 0
1949 0
1974 0
1999 0
2024 0
2049 0
2074 0
2099 0
2124 0
2149 0
2174 0
2199 0
2224 0
2249 0
2274 0
2299 0
2324 0
2349 0
2374 0
2399 0
2424 0
2449 0
2474 0
2499 0
2524 0
2549 0
2574 0
2599 0
2624 0
2649 0
2674 0
2699 0
2724 0
2749 0
2774 0
2799 0
2824 0
2849 0
2874 0
2899 0
2924 0
2949 0
2974 0
2999 0
3024 0
3049 0
3074 0
3099 0
3124 0
3149 0
3174 0
3199 0
3224 0
3249 0
3274 0
3299 0
3324 0
3349 0
3374 0
3399 0
3424 0
3449 0
3474 0
3499 0
3524 0
3549 0
3574 0
3599 0
3624 0
3649 0
3674 0
3699 0
3724 0
3749 0
3774 0
3799 0
3824 0
3849 0
3874 0
3899 0
3924 0
3949 0
3974 0
3999 0
4024 0
4049 0
4074 0
4099 0
4124 0
4149 0
4174 0
4199 0
4224 0
4249 0
4274 0
4299 0
4324 0
4349 0
4374 0
4399 0
4424 0
4449 0
4474 0
4499 0
4524 0
4549 0
4574 0
4599 0
4624 0
4649 0
4674 0
4699 0
4724 0
4749 0
4774 0
4799 0
4824 0
4849 0
4874 0
4899 0
4924 0
4949 0
4974 0
4999 0
5024 0
5049 0
5074 0
5099 0
5124 0
5149 0
5174 0
5199 0
5224 0
5249 0
5274 0
5299 0
5324 0
5349 0
5374 0
5399 0
5424 0
5449 0
5474 0
5499 0
5524 0
5549 0
5574 0
5599 0
5624 0
5649 0
5674 0
5699 0
5724 0
5749 0
5774 0
5799 0
5824 0
5849 0
5874 0
5899 0
5924 0
5949 0
5974 0
5999 0
6024 0
6049 0
6074 0
6099 0
6124 0
6149 0
6174 0
6199 0
6224 0
6249 0
6274 0
6299 0
6324 0
6349 0
6374 0
6399 0
6424 0
6449 0
6474 0
6499 0
6524 0
6549 0
6574 0
6599 0
6624 0
6649 0
6674 0
6699 0
6724 0
6749 0
6774 0
6799 0
6824 0
6849 0
6874 0
6899 0
6924 0
6949 0
6974 0
6999 0
7024 0
7049 0
7074 0
7099 0
7124 0
7149 0
7174 0
7199 0
7224 0
7249 0
7274 0
7299 0
7324 0
7349 0
7374 0
7399 0
7424 0
7449 0
7474 0
7499 0
7524 0
7549 0
7574 0
7599 0
7624 0
7649 0
7674 0
7699 0
7724 0
7749 0
7774 0
7799 0
7824 0
7849 0
7874 0
7899 0
7924 0
7949 0
7974 0
7999 0
8024 0
8049 0
8074 0
8099 0
8124 0
8149 0
8174 0
8199 0
8224 0
8249 0
8274 0
8299 0
8324 0
8349 0
8374 0
8399 0
8424 0
8449 0
8474 0
8499 0
8524 0
8549 0
8574 0
8599 0
8624 0
8649 0
8674 0
8699 0
8724 0
8749 0
8774 0
8799 0
8824 0
8849 0
8874 0
8899 0
8924 0
8949 0
8974 0
8999 0
9024 0
9049 0
9074 0
9099 0
9124 0
9149 0
9174 0
9199 0
9224 0
9249 0
9274 0
9299 0
9324 0
9349 0
9374 0
9399 0
9424 0
9449 0
9474 0
9499 0
9524 0
9549 0
9574 0
9599 0
9624 0
9649 0
9674 0
9699 0
9724 0
9749 0
9774 0
9799 0
9824 0
9849 0
9874 0
9899 0
9924 0
9949 0
9974 0
9999 247
10024 247
10049 252
10074 252
10099 252
10124 252
10149 252
10174 252
10199 252
10224 252
10249 252
10274 252
10299 252
10324 252
10349 252
10374 252
10399 252
10424 252
10449 252
10474 252
10499 252
10524 252
10549 252
10574 252
10599 252
10624 252
10649 252
10674 252
10699 252
10724 252
10749 252
10774 252
10799 252
10824 252
10849 252
10874 252
10899 252
10924 252
10949 252
10974 252
10999 252
11024 252
11049 252
11074 252
11099 252
11124 252
11149 252
11174 252
11199 252
11224 252
11249 252
11274 252
11299 252
11324 252
11349 252
11374 252
11399 252
11424 252
11449 252
11474 252
11499 252
11524 252
11549 252
11574 252
11599 252
11624 252
11649 252
11674 252
11699 252
11724 252
11749 252
11774 252
11799 252
11824 252
11849 252
11874 252
11899 252
11924 252
11949 252
11974 252
11999 252
12024 252
12049 252
12074 252
12099 252
12124 252
12149 252
12174 252
12199 252
12224 252
12249 252
12274 252
12299 252
12324 252
12349 252
12374 252
12399 252
12424 252
12449 252
12474 252
12499 252
12524 252
12549 252
12574 277
12599 277
12624 277
12649 277
12674 277
12699 277
12724 277
12749 277
12774 277
12799 277
12824 277
12849 277
12874 277
12899 277
12924 277
12949 277
12974 277
12999 277
13024 277
13049 277
13074 277
13099 277
13124 277
13149 277
13174 277
13199 277
13224 277
13249 277
13274 277
13299 277
13324 277
13349 277
13374 277
13399 277
13424 277
13449 277
13474 277
13499 277
13524 277
13549 277
13574 277
13599 277
13624 277
13649 277
13674 277
13699 277
13724 277
13749 277
13774 277
13799 277
13824 277
13849 277
13874 277
13899 277
13924 277
13949 277
13974 277
13999 277
14024 277
14049 277
14074 277
14099 277
14124 277
14149 277
14174 277
14199 277
14224 277
14249 277
14274 277
14299 277
14324 277
14349 277
14374 277
14399 277
14424 277
14449 277
14474 277
14499 277
14524 277
14549 277
14574 277
14599 277
14624 277
14649 277
14674 277
14699 277
14724 277
14749 277
14774 277
14799 277
14824 277
14849 277
14874 277
14899 277
14924 277
14949 277
14974 277
14999 277
15024 277
15049 277
15074 277
15099 277
15124 277
15149 277
15174 277
15199 277
15224 277
15249 277
15274 277
15299 277
15324 277
15349 277
15374 277
15399 277
15424 277
15449 277
15474 277
15499 277
15524 277
15549 277
15574 277
15599 277
15624 277
15649 277
15674 277
15699 277
15724 277
15749 277
15774 277
15799 277
15824 277
15849 277
15874 277
15899 277
15924 277
15949 277
15974 277
15999 277
16024 277
16049 277
16074 277
16099 277
16124 277
16149 277
16174 277
16199 277
16224 277
16249 277
16274 277
16299 277
16324 277
16349 277
16374 277
16399 277
16424 277
16449 277
16474 277
16499 277
16524 277
16549 277
16574 277
16599 277
16624 277
16649 277
16674 277
16699 277
16724 277
16749 277
16774 277
16799 277
16824 277
16849 277
16874 277
16899 277
16924 277
16949 277
16974 277
16999 277
17024 277
17049 277
17074 277
17099 277
17124 277
17149 277
17174 277
17199 277
17224 277
17249 277
17274 277
17299 277
17324 277
17349 277
17374 277
17399 277
17424 277
17449 277
17474 277
17499 277
17524 277
17549 277
17574 277
17599 277
17624 277
17649 277
17674 277
17699 277
17724 277
17749 277
17774 277
17799 277
17824 277
17849 277
17874 277
17899 277
17924 277
17949 277
17974 277
17999 277
18024 277
18049 277
18074 277
18099 277
18124 277
18149 277
18174 277
18199 277
18224 277
18249 277
18274 277
18299 277
18324 277
18349 277
18374 277
18399 277
18424 277
18449 277
18474 277
18499 277
18524 277
18549 277
18574 277
18599 277
18624 277
18649 277
18674 277
18699 277
18724 277
18749 277
18774 277
18799 277
18824 277
18849 277
18874 277
18899 277
18924 277
18949 277
18974 277
18999 277
19024 277
19049 277
19074 277
19099 277
19124 277
19149 277
19174 277
19199 277
19224 277
19249 277
19274 277
19299 277
19324 277
19349 277
19374 277
19399 277
19424 277
19449 277
19474 277
19499 277
19524 277
19549 277
19574 277
19599 277
19624 277
19649 277
19674 277
19699 277
19724 277
19749 277
19774 277
19799 277
19824 277
19849 277
19874 277
19899 277
19924 277
19949 277
19974 277
19999 277
