24 0
49 0
74 0
99 0
124 0
149 0
174 0
199 0
224 0
249 0
274 0
299 0
324 0
349 0
374 0
399 0
424 0
449 0
474 0
499 0
524 0
549 0
574 0
599 0
624 0
649 0
674 0
699 0
724 0
749 0
774 0
799 0
824 0
849 0
874 0
899 0
924 0
949 0
974 0
999 0
1024 0
1049 0
1074 0
1099 0
1124 0
1149 0
1174 0
1199 0
1224 0
1249 0
1274 0
1299 0
1324 0
1349 0
1374 0
1399 0
1424 0
1449 0
1474 0
1499 0
1524 0
1549 0
1574 0
1599 0
1624 0
1649 0
1674 0
1699 0
1724 0
1749 0
1774 0
1799 0
1824 0
1849 0
1874 0
1899 0
1924 0
1949 0
1974 0
1999 0
2024 0
2049 0
2074 0
2099 0
2124 0
2149 0
2174 0
2199 0
2224 0
2249 0
2274 0
2299 0
2324 0
2349 0
2374 0
2399 0
2424 0
2449 0
2474 0
2499 0
2524 0
2549 0
2574 0
2599 0
2624 0
2649 0
2674 0
2699 0
2724 0
2749 0
2774 0
2799 0
2824 0
2849 0
2874 0
2899 0
2924 0
2949 0
2974 0
2999 0
3024 0
3049 0
3074 0
3099 0
3124 0
3149 0
3174 0
3199 0
3224 0
3249 0
3274 0
3299 0
3324 0
3349 0
3374 0
3399 0
3424 0
3449 0
3474 0
3499 0
3524 0
3549 0
3574 0
3599 0
3624 0
3649 0
3674 0
3699 0
3724 0
3749 0
3774 0
3799 0
3824 0
3849 0
3874 0
3899 0
3924 0
3949 0
3974 0
3999 0
4024 0
4049 0
4074 0
4099 0
4124 0
4149 0
4174 0
4199 0
4224 0
4249 0
4274 0
4299 0
4324 0
4349 0
4374 0
4399 0
4424 0
4449 0
4474 0
4499 0
4524 0
4549 0
4574 0
4599 0
4624 0
4649 0
4674 0
4699 0
4724 0
4749 0
4774 0
4799 0
4824 0
4849 0
4874 0
4899 0
4924 0
4949 0
4974 0
4999 0
5024 0
5049 0
5074 0
5099 0
5124 0
5149 0
5174 0
5199 0
5224 0
5249 0
5274 0
5299 0
5324 0
5349 0
5374 0
5399 0
5424 0
5449 0
5474 0
5499 0
5524 0
5549 0
5574 0
5599 0
5624 0
5649 0
5674 0
5699 0
5724 0
5749 0
5774 0
5799 0
5824 0
5849 0
5874 0
5899 0
5924 0
5949 0
5974 0
5999 0
6024 0
6049 0
6074 0
6099 0
6124 0
6149 0
6174 0
6199 0
6224 0
6249 0
6274 0
6299 0
6324 0
6349 0
6374 0
6399 0
6424 0
6449 0
6474 0
6499 0
6524 0
6549 0
6574 0
6599 0
6624 0
6649 0
6674 0
6699 0
6724 0
6749 0
6774 0
6799 0
6824 0
6849 0
6874 0
6899 0
6924 0
6949 0
6974 0
6999 0
7024 0
7049 0
7074 0
7099 0
7124 0
7149 0
7174 0
7199 0
7224 0
7249 0
7274 0
7299 0
7324 0
7349 0
7374 0
7399 0
7424 0
7449 0
7474 0
7499 0
7524 0
7549 0
7574 0
7599 0
7624 0
7649 0
7674 0
7699 0
7724 0
7749 0
7774 0
7799 0
7824 0
7849 0
7874 0
7899 0
7924 0
7949 0
7974 0
7999 0
8024 0
8049 0
8074 0
8099 0
8124 0
8149 0
8174 0
8199 0
8224 0
8249 0
8274 0
8299 0
8324 0
8349 0
8374 0
8399 0
8424 0
8449 0
8474 0
8499 0
8524 0
8549 0
8574 0
8599 0
8624 0
8649 0
8674 0
8699 0
8724 0
8749 0
8774 0
8799 0
8824 0
8849 0
8874 0
8899 0
8924 0
8949 0
8974 0
8999 0
9024 0
9049 0
9074 0
9099 0
9124 0
9149 0
9174 0
9199 0
9224 0
9249 0
9274 0
9299 0
9324 0
9349 0
9374 0
9399 0
9424 0
9449 0
9474 0
9499 0
9524 0
9549 0
9574 0
9599 0
9624 0
9649 0
9674 0
9699 0
9724 0
9749 0
9774 0
9799 0
9824 0
9849 0
9874 0
9899 0
9924 0
9949 0
9974 0
9999 0
10024 0
10049 0
10074 0
10099 0
10124 0
10149 0
10174 0
10199 0
10224 0
10249 0
10274 0
10299 0
10324 0
10349 0
10374 0
10399 0
10424 0
10449 0
10474 0
10499 0
10524 0
10549 0
10574 0
10599 0
10624 0
10649 0
10674 0
10699 0
10724 0
10749 0
10774 0
10799 0
10824 0
10849 0
10874 0
10899 0
10924 0
10949 0
10974 0
10999 0
11024 0
11049 0
11074 0
11099 0
11124 0
11149 0
11174 0
11199 0
11224 0
11249 0
11274 0
11299 0
11324 0
11349 0
11374 0
11399 0
11424 0
11449 0
11474 0
11499 0
11524 0
11549 0
11574 0
11599 0
11624 0
11649 0
11674 0
11699 0
11724 0
11749 0
11774 0
11799 0
11824 0
11849 0
11874 0
11899 0
11924 0
11949 0
11974 0
11999 0
12024 0
12049 0
12074 0
12099 0
12124 0
12149 0
12174 0
12199 0
12224 0
12249 0
12274 0
12299 0
12324 0
12349 0
12374 0
12399 0
12424 68
12449 68
12474 68
12499 68
12524 68
12549 68
12574 68
12599 68
12624 68
12649 68
12674 68
12699 68
12724 68
12749 68
12774 68
12799 68
12824 68
12849 68
12874 68
12899 68
12924 68
12949 68
12974 68
12999 68
13024 68
13049 68
13074 68
13099 68
13124 68
13149 68
13174 68
13199 68
13224 68
13249 68
13274 68
13299 68
13324 68
13349 68
13374 68
13399 68
13424 68
13449 68
13474 68
13499 68
13524 68
13549 68
13574 68
13599 68
13624 68
13649 68
13674 68
13699 68
13724 68
13749 68
13774 68
13799 68
13824 68
13849 68
13874 68
13899 68
13924 68
13949 68
13974 68
13999 68
14024 68
14049 68
14074 68
14099 68
14124 68
14149 68
14174 68
14199 68
14224 68
14249 68
14274 68
14299 68
14324 68
14349 68
14374 68
14399 68
14424 68
14449 68
14474 68
14499 68
14524 68
14549 68
14574 68
14599 68
14624 68
14649 68
14674 68
14699 68
14724 68
14749 68
14774 68
14799 68
14824 68
14849 68
14874 68
14899 68
14924 68
14949 68
14974 247
14999 247
15024 247
15049 247
15074 247
15099 247
15124 247
15149 247
15174 247
15199 247
15224 247
15249 247
15274 247
15299 247
15324 247
15349 247
15374 247
15399 247
15424 247
15449 247
15474 247
15499 247
15524 247
15549 247
15574 247
15599 247
15624 247
15649 247
15674 247
15699 247
15724 247
15749 247
15774 247
15799 247
15824 247
15849 247
15874 247
15899 247
15924 247
15949 247
15974 247
15999 247
16024 247
16049 247
16074 247
16099 247
16124 247
16149 247
16174 247
16199 247
16224 247
16249 247
16274 247
16299 247
16324 247
16349 247
16374 247
16399 247
16424 247
16449 247
16474 251
16499 251
16524 251
16549 251
16574 251
16599 251
16624 251
16649 251
16674 251
16699 251
16724 251
16749 251
16774 251
16799 251
16824 251
16849 251
16874 251
16899 251
16924 251
16949 251
16974 251
16999 251
17024 251
17049 251
17074 251
17099 251
17124 251
17149 251
17174 251
17199 251
17224 251
17249 251
17274 251
17299 251
17324 251
17349 251
17374 251
17399 251
17424 251
17449 251
17474 251
17499 251
17524 251
17549 251
17574 251
17599 251
17624 251
17649 251
17674 251
17699 251
17724 251
17749 251
17774 251
17799 251
17824 251
17849 251
17874 251
17899 251
17924 251
17949 251
17974 251
17999 251
18024 251
18049 251
18074 251
18099 251
18124 251
18149 251
18174 251
18199 251
18224 251
18249 251
18274 251
18299 251
18324 251
18349 251
18374 251
18399 251
18424 251
18449 251
18474 251
18499 251
18524 251
18549 251
18574 251
18599 251
18624 251
18649 251
18674 251
18699 251
18724 251
18749 251
18774 251
18799 251
18824 251
18849 251
18874 251
18899 251
18924 251
18949 251
18974 251
18999 251
19024 251
19049 251
19074 251
19099 251
19124 251
19149 251
19174 251
19199 251
19224 251
19249 251
19274 251
19299 251
19324 251
19349 251
19374 251
19399 251
19424 251
19449 251
19474 251
19499 251
19524 251
19549 251
19574 251
19599 251
19624 251
19649 251
19674 251
19699 251
19724 251
19749 251
19774 251
19799 251
19824 251
19849 251
19874 251
19899 251
19924 251
19949 251
19974 251
19999 251
