24 154
49 184
74 184
99 184
124 184
149 184
174 184
199 184
224 184
249 184
274 184
299 184
324 184
349 184
374 184
399 184
424 184
449 184
474 184
499 184
524 184
549 184
574 184
599 184
624 184
649 184
674 184
699 184
724 184
749 184
774 184
799 184
824 184
849 184
874 184
899 184
924 184
949 184
974 184
999 184
1024 184
1049 184
1074 184
1099 184
1124 184
1149 184
1174 184
1199 184
1224 184
1249 184
1274 184
1299 184
1324 184
1349 184
1374 184
1399 184
1424 184
1449 184
1474 184
1499 184
1524 184
1549 184
1574 184
1599 184
1624 184
1649 184
1674 184
1699 184
1724 184
1749 184
1774 184
1799 184
1824 184
1849 184
1874 184
1899 184
1924 184
1949 184
1974 184
1999 184
2024 184
2049 184
2074 184
2099 184
2124 184
2149 184
2174 184
2199 184
2224 184
2249 184
2274 184
2299 184
2324 184
2349 184
2374 184
2399 184
2424 184
2449 184
2474 184
2499 184
2524 184
2549 184
2574 184
2599 184
2624 184
2649 184
2674 184
2699 184
2724 184
2749 184
2774 241
2799 241
2824 241
2849 241
2874 241
2899 241
2924 241
2949 241
2974 241
2999 241
3024 241
3049 241
3074 241
3099 241
3124 241
3149 241
3174 241
3199 241
3224 241
3249 241
3274 241
3299 241
3324 241
3349 241
3374 241
3399 241
3424 241
3449 241
3474 241
3499 241
3524 241
3549 241
3574 241
3599 241
3624 241
3649 241
3674 241
3699 241
3724 241
3749 241
3774 241
3799 241
3824 266
3849 266
3874 266
3899 266
3924 266
3949 266
3974 266
3999 266
4024 266
4049 266
4074 266
4099 266
4124 266
4149 266
4174 266
4199 266
4224 266
4249 266
4274 266
4299 266
4324 266
4349 266
4374 266
4399 266
4424 266
4449 266
4474 266
4499 266
4524 266
4549 266
4574 266
4599 266
4624 266
4649 266
4674 266
4699 266
4724 266
4749 266
4774 266
4799 266
4824 266
4849 266
4874 266
4899 266
4924 266
4949 266
4974 266
4999 266
5024 266
5049 266
5074 266
5099 266
5124 266
5149 266
5174 266
5199 266
5224 266
5249 266
5274 266
5299 266
5324 266
5349 266
5374 266
5399 266
5424 266
5449 266
5474 266
5499 266
5524 266
5549 266
5574 266
5599 266
5624 266
5649 266
5674 266
5699 266
5724 266
5749 266
5774 266
5799 266
5824 266
5849 266
5874 266
5899 266
5924 266
5949 266
5974 266
5999 266
6024 266
6049 266
6074 266
6099 266
6124 266
6149 266
6174 266
6199 266
6224 266
6249 266
6274 266
6299 266
6324 266
6349 266
6374 266
6399 266
6424 266
6449 266
6474 266
6499 266
6524 266
6549 266
6574 266
6599 266
6624 266
6649 266
6674 266
6699 266
6724 266
6749 266
6774 266
6799 266
6824 266
6849 266
6874 266
6899 266
6924 266
6949 266
6974 266
6999 266
7024 266
7049 266
7074 266
7099 266
7124 266
7149 266
7174 266
7199 266
7224 266
7249 266
7274 266
7299 266
7324 266
7349 266
7374 266
7399 266
7424 266
7449 266
7474 266
7499 266
7524 266
7549 266
7574 266
7599 266
7624 266
7649 266
7674 266
7699 266
7724 266
7749 266
7774 266
7799 266
7824 266
7849 266
7874 266
7899 266
7924 266
7949 266
7974 266
7999 266
8024 266
8049 266
8074 266
8099 266
8124 266
8149 266
8174 266
8199 266
8224 266
8249 266
8274 266
8299 266
8324 266
8349 266
8374 266
8399 266
8424 266
8449 266
8474 266
8499 266
8524 266
8549 266
8574 266
8599 266
8624 266
8649 266
8674 266
8699 266
8724 266
8749 266
8774 266
8799 266
8824 266
8849 266
8874 266
8899 266
8924 266
8949 266
8974 266
8999 266
9024 266
9049 266
9074 266
9099 266
9124 266
9149 266
9174 266
9199 266
9224 266
9249 266
9274 266
9299 266
9324 266
9349 266
9374 266
9399 266
9424 266
9449 266
9474 266
9499 277
9524 277
9549 277
9574 277
9599 277
9624 277
9649 277
9674 277
9699 277
9724 277
9749 277
9774 277
9799 277
9824 277
9849 277
9874 277
9899 277
9924 277
9949 277
9974 277
9999 277
10024 277
10049 277
10074 277
10099 277
10124 277
10149 277
10174 277
10199 277
10224 277
10249 277
10274 277
10299 277
10324 277
10349 277
10374 277
10399 277
10424 277
10449 277
10474 277
10499 277
10524 277
10549 277
10574 277
10599 277
10624 277
10649 277
10674 277
10699 277
10724 277
10749 277
10774 277
10799 277
10824 277
10849 277
10874 277
10899 277
10924 277
10949 277
10974 277
10999 277
11024 277
11049 277
11074 277
11099 277
11124 277
11149 277
11174 277
11199 277
11224 277
11249 277
11274 277
11299 277
11324 277
11349 277
11374 277
11399 277
11424 277
11449 277
11474 277
11499 277
11524 277
11549 277
11574 277
11599 277
11624 277
11649 277
11674 277
11699 277
11724 277
11749 277
11774 277
11799 277
11824 277
11849 277
11874 277
11899 277
11924 277
11949 277
11974 277
11999 277
12024 277
12049 277
12074 277
12099 277
12124 277
12149 277
12174 277
12199 277
12224 277
12249 277
12274 277
12299 277
12324 277
12349 277
12374 277
12399 277
12424 277
12449 277
12474 277
12499 277
12524 277
12549 277
12574 277
12599 277
12624 277
12649 277
12674 277
12699 277
12724 277
12749 277
12774 277
12799 277
12824 277
12849 277
12874 277
12899 277
12924 277
12949 277
12974 277
12999 277
13024 277
13049 277
13074 277
13099 277
13124 277
13149 277
13174 277
13199 277
13224 277
13249 277
13274 277
13299 277
13324 277
13349 277
13374 277
13399 277
13424 277
13449 277
13474 277
13499 277
13524 277
13549 277
13574 277
13599 277
13624 277
13649 277
13674 277
13699 277
13724 277
13749 277
13774 277
13799 277
13824 277
13849 277
13874 277
13899 277
13924 277
13949 277
13974 277
13999 277
14024 277
14049 277
14074 277
14099 277
14124 277
14149 277
14174 277
14199 277
14224 277
14249 277
14274 277
14299 277
14324 277
14349 277
14374 277
14399 277
14424 277
14449 277
14474 277
14499 277
14524 277
14549 277
14574 277
14599 277
14624 277
14649 277
14674 277
14699 277
14724 277
14749 277
14774 277
14799 277
14824 277
14849 277
14874 277
14899 277
14924 277
14949 277
14974 277
14999 277
15024 277
15049 277
15074 277
15099 277
15124 277
15149 277
15174 277
15199 277
15224 277
15249 277
15274 277
15299 277
15324 277
15349 277
15374 277
15399 277
15424 277
15449 277
15474 277
15499 277
15524 277
15549 277
15574 277
15599 277
15624 277
15649 277
15674 277
15699 277
15724 277
15749 277
15774 277
15799 277
15824 277
15849 277
15874 277
15899 277
15924 277
15949 277
15974 277
15999 277
16024 277
16049 277
16074 277
16099 277
16124 277
16149 277
16174 277
16199 277
16224 277
16249 277
16274 277
16299 277
16324 277
16349 277
16374 277
16399 277
16424 277
16449 277
16474 277
16499 277
16524 277
16549 277
16574 277
16599 277
16624 277
16649 277
16674 277
16699 277
16724 277
16749 277
16774 277
16799 277
16824 277
16849 277
16874 277
16899 277
16924 277
16949 277
16974 277
16999 277
17024 277
17049 277
17074 277
17099 277
17124 277
17149 277
17174 277
17199 277
17224 277
17249 277
17274 277
17299 277
17324 277
17349 277
17374 277
17399 277
17424 277
17449 277
17474 277
17499 277
17524 277
17549 277
17574 277
17599 277
17624 277
17649 277
17674 277
17699 277
17724 277
17749 277
17774 277
17799 277
17824 277
17849 277
17874 277
17899 277
17924 277
17949 277
17974 277
17999 277
18024 277
18049 277
18074 277
18099 277
18124 277
18149 277
18174 277
18199 277
18224 277
18249 277
18274 277
18299 277
18324 277
18349 277
18374 277
18399 277
18424 277
18449 277
18474 277
18499 277
18524 277
18549 277
18574 277
18599 277
18624 277
18649 277
18674 277
18699 277
18724 277
18749 277
18774 277
18799 277
18824 277
18849 277
18874 277
18899 277
18924 277
18949 277
18974 277
18999 277
19024 277
19049 277
19074 277
19099 277
19124 277
19149 277
19174 277
19199 277
19224 277
19249 277
19274 277
19299 277
19324 277
19349 277
19374 277
19399 277
19424 277
19449 277
19474 277
19499 277
19524 277
19549 277
19574 277
19599 277
19624 277
19649 277
19674 277
19699 277
19724 277
19749 277
19774 277
19799 277
19824 277
19849 277
19874 277
19899 277
19924 277
19949 277
19974 277
19999 277
