50 1599
100 1664
155 1664
206 1664
255 1664
304 1664
359 1664
408 1664
463 1664
512 1664
561 1664
610 1664
665 1664
714 1664
769 1664
824 1664
879 1664
934 1664
989 1664
1045 1682
1100 1682
1150 1692
1199 1692
1248 1692
1303 1692
1352 1692
1401 1692
1452 1692
1507 1692
1562 1692
1618 1706
1667 1706
1718 1706
1773 1706
1822 1706
1871 1706
1926 1706
1975 1706
2030 1706
2085 1706
2140 1706
2195 1706
2251 1721
2306 1721
2355 1721
2410 1721
2465 1721
2520 1721
2575 1721
2624 1721
2673 1721
2728 1721
2783 1721
2832 1721
2887 1721
2942 1721
2997 1721
3046 1721
3101 1721
3156 1721
3205 1721
3260 1721
3315 1721
3364 1721
3419 1721
3468 1721
3517 1721
3566 1721
3615 1721
3664 1721
3719 1721
3768 1721
3817 1721
3872 1721
3927 1721
3976 1721
4031 1721
4080 1721
4135 1721
4184 1721
4239 1721
4294 1721
4349 1721
4404 1721
4455 1721
4510 1721
4565 1721
4616 1721
4671 1721
4720 1721
4769 1721
4824 1721
4873 1721
4922 1721
4977 1721
5026 1721
5075 1721
5124 1721
5179 1721
5234 1721
5289 1721
5344 1721
5399 1721
5448 1721
5497 1721
5546 1721
5595 1721
5650 1721
5705 1721
5760 1721
5811 1721
5860 1721
5909 1721
5964 1721
6019 1721
6074 1721
6123 1721
6178 1721
6233 1721
6282 1721
6331 1721
6380 1721
6429 1721
6478 1721
6527 1721
6582 1721
6637 1721
6692 1721
6741 1721
6796 1721
6845 1721
6900 1721
6955 1721
7004 1721
7053 1721
7102 1721
7157 1721
7206 1721
7255 1721
7304 1721
7353 1721
7402 1721
7451 1721
7506 1721
7555 1721
7610 1721
7659 1721
7714 1721
7769 1721
7824 1721
7873 1721
7928 1721
7983 1721
8038 1721
8093 1721
8148 1721
8197 1721
8248 1721
8303 1721
8352 1721
8407 1721
8462 1721
8517 1721
8566 1721
8616 1735
