24 216
49 216
74 216
99 216
124 216
149 216
174 216
199 216
224 216
249 216
274 216
299 216
324 216
349 216
374 216
399 216
424 216
449 216
474 216
499 216
524 216
549 216
574 216
599 216
624 216
649 216
674 216
699 216
724 216
749 216
774 216
799 216
824 216
849 216
874 216
899 216
924 216
949 216
974 216
999 216
1024 216
1049 216
1074 216
1099 216
1124 216
1149 216
1174 216
1199 216
1224 216
1249 216
1274 216
1299 216
1324 216
1349 216
1374 216
1399 216
1424 216
1449 216
1474 216
1499 216
1524 216
1549 216
1574 216
1599 216
1624 216
1649 216
1674 216
1699 216
1724 216
1749 216
1774 216
1799 216
1824 216
1849 216
1874 216
1899 216
1924 216
1949 216
1974 216
1999 252
2024 252
2049 252
2074 252
2099 252
2124 252
2149 252
2174 252
2199 252
2224 252
2249 252
2274 252
2299 252
2324 252
2349 252
2374 252
2399 252
2424 252
2449 252
2474 252
2499 252
2524 252
2549 252
2574 252
2599 252
2624 252
2649 252
2674 252
2699 252
2724 252
2749 252
2774 252
2799 266
2824 266
2849 266
2874 266
2899 266
2924 266
2949 266
2974 266
2999 266
3024 266
3049 270
3074 270
3099 270
3124 270
3149 270
3174 270
3199 270
3224 270
3249 270
3274 270
3299 270
3324 270
3349 270
3374 270
3399 270
3424 270
3449 270
3474 270
3499 270
3524 270
3549 270
3574 270
3599 270
3624 270
3649 270
3674 270
3699 270
3724 270
3749 270
3774 270
3799 270
3824 270
3849 270
3874 270
3899 270
3924 270
3949 270
3974 270
3999 270
4024 270
4049 270
4074 270
4099 270
4124 270
4149 270
4174 270
4199 270
4224 270
4249 270
4274 270
4299 270
4324 270
4349 270
4374 270
4399 270
4424 270
4449 270
4474 270
4499 270
4524 270
4549 270
4574 270
4599 270
4624 270
4649 270
4674 270
4699 270
4724 270
4749 270
4774 270
4799 270
4824 270
4849 270
4874 270
4899 270
4924 270
4949 270
4974 270
4999 270
5024 270
5049 270
5074 270
5099 270
5124 270
5149 270
5174 270
5199 270
5224 270
5249 270
5274 270
5299 270
5324 270
5349 270
5374 270
5399 270
5424 270
5449 270
5474 270
5499 270
5524 270
5549 270
5574 270
5599 270
5624 270
5649 270
5674 270
5699 270
5724 270
5749 270
5774 270
5799 270
5824 270
5849 270
5874 270
5899 270
5924 270
5949 270
5974 270
5999 270
6024 270
6049 270
6074 270
6099 270
6124 270
6149 270
6174 270
6199 270
6224 270
6249 270
6274 270
6299 270
6324 270
6349 270
6374 270
6399 270
6424 270
6449 270
6474 270
6499 270
6524 270
6549 270
6574 270
6599 270
6624 270
6649 270
6674 270
6699 270
6724 270
6749 270
6774 270
6799 270
6824 270
6849 270
6874 270
6899 270
6924 270
6949 270
6974 270
6999 270
7024 270
7049 270
7074 270
7099 270
7124 270
7149 270
7174 270
7199 270
7224 270
7249 270
7274 270
7299 270
7324 270
7349 270
7374 270
7399 270
7424 270
7449 270
7474 270
7499 270
7524 270
7549 270
7574 270
7599 270
7624 270
7649 270
7674 270
7699 270
7724 270
7749 270
7774 270
7799 270
7824 270
7849 270
7874 270
7899 270
7924 270
7949 270
7974 270
7999 270
8024 270
8049 270
8074 270
8099 270
8124 270
8149 270
8174 270
8199 270
8224 270
8249 270
8274 270
8299 270
8324 270
8349 270
8374 270
8399 270
8424 270
8449 270
8474 270
8499 270
8524 270
8549 270
8574 270
8599 270
8624 270
8649 270
8674 270
8699 270
8724 270
8749 270
8774 270
8799 270
8824 270
8849 270
8874 270
8899 270
8924 270
8949 270
8974 270
8999 270
9024 270
9049 270
9074 270
9099 270
9124 270
9149 270
9174 270
9199 270
9224 270
9249 270
9274 270
9299 270
9324 270
9349 270
9374 270
9399 270
9424 270
9449 270
9474 270
9499 270
9524 270
9549 270
9574 270
9599 270
9624 270
9649 270
9674 270
9699 270
9724 270
9749 270
9774 270
9799 270
9824 270
9849 270
9874 270
9899 270
9924 270
9949 270
9974 270
9999 270
10024 270
10049 270
10074 270
10099 270
10124 270
10149 270
10174 270
10199 270
10224 270
10249 270
10274 270
10299 270
10324 270
10349 270
10374 270
10399 270
10424 270
10449 270
10474 270
10499 270
10524 270
10549 270
10574 270
10599 270
10624 270
10649 270
10674 270
10699 270
10724 270
10749 270
10774 270
10799 270
10824 270
10849 270
10874 270
10899 270
10924 270
10949 270
10974 270
10999 270
11024 270
11049 270
11074 270
11099 270
11124 270
11149 270
11174 270
11199 270
11224 270
11249 270
11274 270
11299 270
11324 270
11349 270
11374 270
11399 270
11424 270
11449 270
11474 270
11499 270
11524 270
11549 270
11574 270
11599 270
11624 270
11649 270
11674 270
11699 270
11724 270
11749 270
11774 270
11799 270
11824 270
11849 270
11874 270
11899 270
11924 270
11949 270
11974 270
11999 270
12024 270
12049 270
12074 270
12099 270
12124 270
12149 309
