24 0
49 0
74 0
99 0
124 0
149 0
174 0
199 0
224 0
249 0
274 0
299 0
324 0
349 0
374 0
399 0
424 0
449 0
474 0
499 0
524 0
549 0
574 0
599 0
624 0
649 0
674 0
699 0
724 0
749 0
774 0
799 0
824 0
849 0
874 0
899 0
924 0
949 0
974 0
999 0
1024 0
1049 0
1074 0
1099 0
1124 0
1149 0
1174 0
1199 0
1224 0
1249 0
1274 0
1299 0
1324 0
1349 0
1374 0
1399 0
1424 0
1449 0
1474 0
1499 0
1524 0
1549 0
1574 0
1599 0
1624 0
1649 0
1674 0
1699 0
1724 0
1749 0
1774 0
1799 0
1824 0
1849 0
1874 0
1899 0
1924 0
1949 0
1974 0
1999 0
2024 0
2049 0
2074 0
2099 0
2124 0
2149 0
2174 0
2199 0
2224 0
2249 0
2274 0
2299 0
2324 0
2349 0
2374 0
2399 0
2424 0
2449 0
2474 0
2499 0
2524 0
2549 0
2574 0
2599 0
2624 0
2649 0
2674 0
2699 0
2724 0
2749 0
2774 0
2799 0
2824 0
2849 0
2874 0
2899 0
2924 0
2949 0
2974 0
2999 0
3024 0
3049 0
3074 0
3099 0
3124 0
3149 0
3174 0
3199 0
3224 0
3249 0
3274 0
3299 0
3324 0
3349 0
3374 0
3399 0
3424 0
3449 0
3474 0
3499 0
3524 0
3549 0
3574 0
3599 0
3624 0
3649 0
3674 0
3699 0
3724 0
3749 0
3774 0
3799 0
3824 0
3849 0
3874 0
3899 0
3924 0
3949 0
3974 0
3999 0
4024 0
4049 0
4074 0
4099 0
4124 0
4149 0
4174 0
4199 0
4224 0
4249 0
4274 0
4299 0
4324 0
4349 0
4374 0
4399 0
4424 0
4449 0
4474 0
4499 0
4524 0
4549 0
4574 0
4599 0
4624 0
4649 0
4674 0
4699 0
4724 0
4749 0
4774 0
4799 0
4824 0
4849 0
4874 0
4899 0
4924 0
4949 0
4974 0
4999 0
5024 0
5049 0
5074 0
5099 0
5124 0
5149 0
5174 0
5199 0
5224 0
5249 0
5274 0
5299 0
5324 0
5349 0
5374 0
5399 0
5424 0
5449 0
5474 0
5499 0
5524 0
5549 0
5574 0
5599 0
5624 0
5649 0
5674 0
5699 0
5724 0
5749 0
5774 0
5799 0
5824 0
5849 0
5874 0
5899 0
5924 0
5949 0
5974 0
5999 0
6024 0
6049 0
6074 0
6099 0
6124 0
6149 0
6174 0
6199 0
6224 0
6249 0
6274 0
6299 0
6324 0
6349 0
6374 0
6399 0
6424 0
6449 0
6474 0
6499 0
6524 0
6549 0
6574 0
6599 0
6624 0
6649 0
6674 0
6699 0
6724 0
6749 0
6774 0
6799 0
6824 0
6849 0
6874 0
6899 0
6924 0
6949 0
6974 0
6999 0
7024 0
7049 0
7074 0
7099 0
7124 0
7149 0
7174 0
7199 0
7224 0
7249 0
7274 0
7299 0
7324 0
7349 0
7374 0
7399 0
7424 0
7449 0
7474 0
7499 0
7524 0
7549 0
7574 0
7599 0
7624 0
7649 0
7674 0
7699 0
7724 0
7749 0
7774 0
7799 0
7824 0
7849 0
7874 0
7899 0
7924 0
7949 0
7974 0
7999 0
8024 0
8049 0
8074 0
8099 0
8124 244
8149 244
8174 244
8199 244
8224 244
8249 244
8274 244
8299 244
8324 244
8349 244
8374 244
8399 244
8424 244
8449 244
8474 244
8499 244
8524 244
8549 244
8574 244
8599 244
8624 244
8649 244
8674 244
8699 244
8724 244
8749 244
8774 244
8799 244
8824 244
8849 244
8874 244
8899 244
8924 244
8949 244
8974 244
8999 244
9024 244
9049 244
9074 244
9099 244
9124 244
9149 244
9174 244
9199 244
9224 244
9249 244
9274 244
9299 244
9324 244
9349 244
9374 244
9399 244
9424 244
9449 244
9474 244
9499 244
9524 244
9549 244
9574 244
9599 244
9624 244
9649 244
9674 244
9699 244
9724 244
9749 244
9774 244
9799 244
9824 244
9849 244
9874 244
9899 244
9924 244
9949 244
9974 244
9999 244
10024 244
10049 260
10074 260
10099 260
10124 260
10149 260
10174 260
10199 260
10224 260
10249 260
10274 260
10299 260
10324 260
10349 260
10374 260
10399 260
10424 260
10449 260
10474 260
10499 260
10524 260
10549 260
10574 260
10599 260
10624 260
10649 260
10674 260
10699 260
10724 260
10749 260
10774 260
10799 260
10824 260
10849 260
10874 260
10899 260
10924 260
10949 260
10974 260
10999 260
11024 260
11049 260
11074 260
11099 260
11124 260
11149 260
11174 260
11199 260
11224 260
11249 260
11274 260
11299 260
11324 260
11349 260
11374 260
11399 260
11424 260
11449 260
11474 260
11499 260
11524 260
11549 260
11574 260
11599 260
11624 260
11649 260
11674 260
11699 260
11724 260
11749 260
11774 260
11799 260
11824 260
11849 260
11874 260
11899 260
11924 260
11949 260
11974 260
11999 260
12024 260
12049 260
12074 260
12099 260
12124 260
12149 260
12174 260
12199 260
12224 260
12249 260
12274 260
12299 260
12324 260
12349 260
12374 260
12399 260
12424 260
12449 260
12474 260
12499 260
12524 260
12549 260
12574 260
12599 260
12624 260
12649 260
12674 260
12699 260
12724 260
12749 260
12774 260
12799 260
12824 260
12849 260
12874 260
12899 260
12924 260
12949 260
12974 260
12999 260
13024 260
13049 260
13074 260
13099 260
13124 260
13149 260
13174 260
13199 260
13224 260
13249 260
13274 260
13299 260
13324 260
13349 260
13374 260
13399 260
13424 260
13449 260
13474 260
13499 260
13524 260
13549 260
13574 260
13599 260
13624 260
13649 260
13674 260
13699 260
13724 260
13749 260
13774 260
13799 260
13824 260
13849 260
13874 260
13899 260
13924 260
13949 260
13974 260
13999 260
14024 260
14049 260
14074 260
14099 260
14124 260
14149 260
14174 260
14199 260
14224 260
14249 260
14274 260
14299 260
14324 260
14349 260
14374 260
14399 260
14424 260
14449 260
14474 260
14499 260
14524 260
14549 260
14574 260
14599 260
14624 260
14649 260
14674 260
14699 260
14724 260
14749 260
14774 260
14799 260
14824 260
14849 260
14874 260
14899 260
14924 260
14949 260
14974 260
14999 260
15024 260
15049 260
15074 260
15099 260
15124 260
15149 260
15174 260
15199 260
15224 260
15249 260
15274 260
15299 260
15324 260
15349 260
15374 260
15399 260
15424 260
15449 260
15474 260
15499 260
15524 260
15549 260
15574 260
15599 260
15624 260
15649 260
15674 260
15699 260
15724 260
15749 260
15774 260
15799 260
15824 260
15849 260
15874 260
15899 260
15924 260
15949 260
15974 260
15999 260
16024 260
16049 260
16074 260
16099 260
16124 260
16149 260
16174 260
16199 260
16224 260
16249 260
16274 260
16299 260
16324 260
16349 260
16374 260
16399 260
16424 260
16449 260
16474 260
16499 260
16524 260
16549 260
16574 260
16599 260
16624 260
16649 260
16674 260
16699 260
16724 260
16749 260
16774 260
16799 260
16824 260
16849 260
16874 260
16899 260
16924 260
16949 260
16974 260
16999 260
17024 260
17049 260
17074 260
17099 260
17124 260
17149 260
17174 260
17199 260
17224 260
17249 260
17274 260
17299 260
17324 260
17349 260
17374 260
17399 260
17424 260
17449 260
17474 260
17499 260
17524 260
17549 260
17574 260
17599 260
17624 260
17649 260
17674 260
17699 260
17724 260
17749 260
17774 260
17799 260
17824 260
17849 260
17874 260
17899 260
17924 260
17949 260
17974 260
17999 260
18024 260
18049 260
18074 260
18099 260
18124 260
18149 260
18174 260
18199 260
18224 260
18249 260
18274 260
18299 260
18324 260
18349 260
18374 260
18399 260
18424 260
18449 260
18474 260
18499 260
18524 260
18549 260
18574 260
18599 260
18624 260
18649 260
18674 260
18699 260
18724 260
18749 260
18774 260
18799 260
18824 260
18849 260
18874 260
18899 260
18924 260
18949 260
18974 260
18999 260
19024 260
19049 260
19074 260
19099 260
19124 260
19149 260
19174 260
19199 260
19224 260
19249 260
19274 260
19299 260
19324 260
19349 260
19374 260
19399 260
19424 260
19449 260
19474 260
19499 260
19524 260
19549 260
19574 260
19599 260
19624 260
19649 260
19674 260
19699 260
19724 260
19749 260
19774 260
19799 260
19824 260
19849 260
19874 260
19899 260
19924 260
19949 260
19974 260
19999 260
